3
1 3 4 -5
3 2 1 8
2 4 3 4

3
2 3 4 -2
3 2 -1 4
5 -4 3 8

3
-2 2 0 -1
1 3 -1 3
0 -1 2 

8
4 -1 0 0 -1 0 0 0 0
-1 4 -1 0 0 -1 0 0 0
0 -1 4 -1 0 0 -1 0 0
0 0 -1 4 0 0 0 -1 0
-1 0 0 0 4 -1 0 0 1
0 -1 0 0 -1 4 -1 0 1
0 0 -1 0 0 -1 4 -1 1
0 0 0 -1 0 0 -1 4 1

3
14 4 4 100
4 7 19 100
4 7 18 100

6
4 -1 0 -1 0 0 100
-1 4 -1 0 -1 0 0
0 -1 4 0 0 -1 0
-1 0 0 4 -1 0 100
0 -1 0 -1 4 -1 0
0 0 -1 0 -1 4 0

3
20 -10 -4 26
-10 25 -5 0
-4 5 20 7

9
4 -1 0 -1 0 0 0 0 0 50
-1 4 -1 0 -1 0 0 0 0 50
0 -1 4 0 0 -1 0 0 0 150
-1 0 0 4 -1 0 -1 0 0 0
0 -1 0 -1 4 -1 0 -1 0 0
0 0 -1 0 -1 4 0 0 -1 100
0 0 0 0 -1 0 4 -1 0 50
0 0 0 0 -1 0 -1 4 -1 50
0 0 0 0 0 -1 0 -1 4 150